Mass	x	y	z	vx	vy	vz
M_sol	Parsecs	Parsecs	Parsecs	km/s	km/s	km/s

0.11	0.03	-0.69	-4.22	0.07	-0.12	-0.67
0.13	-0.65	0.97	-1.72	0.04	0.36	-0.44
0.22	0.69	-1.0	1.31	-0.02	-0.37	-0.25
0.16	-0.27	1.16	1.37	-0.77	-0.31	-0.69
0.15	-0.69	2.09	1.81	0.47	0.11	-0.08
0.34	-0.06	-1.69	1.85	0.25	0.0	0.62
0.27	-0.21	1.67	1.42	-0.78	0.48	0.55
0.1	4.46	1.72	0.77	0.19	0.24	0.14
0.27	0.51	0.36	-2.7	0.69	0.4	-0.33
0.57	1.07	1.74	1.56	0.23	-0.64	0.01
0.15	-1.35	-1.16	-4.28	-0.32	-0.24	-0.46
0.11	0.39	0.04	0.33	-0.2	0.59	1.13
0.29	-0.65	0.17	0.75	0.65	-0.53	-0.91
0.35	1.12	-0.26	0.78	-0.73	0.83	-0.98
0.15	0.14	-0.96	-0.12	0.34	0.41	0.59
0.14	-3.37	-1.43	-1.93	-0.22	-0.11	-0.02
0.47	-2.18	-6.15	1.91	-0.77	-1.97	0.4
1.05	0.13	-0.49	6.8	0.15	0.08	0.92
0.25	0.78	0.22	-2.84	0.61	0.39	-0.2
0.33	0.34	0.08	-2.88	0.69	0.39	-0.35
0.59	-1.51	-2.39	0.64	-0.23	-0.62	-0.08
0.39	0.66	0.72	1.05	-1.19	-0.39	-0.58
0.39	0.86	0.07	-3.8	0.48	0.05	-0.47
1.71	0.28	0.72	0.22	-1.54	-0.02	-0.93
0.1	0.34	-0.69	0.25	-0.1	-0.68	0.33
0.18	-0.66	0.74	0.35	0.29	-1.0	-1.11
0.1	-0.16	0.27	0.52	0.52	-0.32	-0.83
0.52	-3.76	-3.08	-2.62	-0.36	-0.36	-0.22
0.22	-6.96	6.37	-2.65	-0.91	0.59	-0.53
0.22	3.26	-2.13	3.41	1.26	-0.56	0.9
0.18	-0.31	0.71	-0.23	1.17	-0.71	0.91
0.27	0.8	-0.52	-0.59	0.67	-0.49	-0.34
0.16	2.94	-1.24	-0.31	-0.21	-0.19	-0.06
0.17	-0.2	-0.69	1.05	0.41	1.14	-0.43
0.35	-4.23	0.53	-3.22	-0.61	0.37	-0.44
0.7	-0.1	0.18	0.61	1.33	0.16	-0.7
0.8	-3.93	-1.01	-3.11	-0.65	-0.2	-0.22
0.11	-2.98	5.32	0.2	-0.42	0.22	-0.21
1.12	-0.1	0.18	0.61	0.04	-0.82	-0.39
0.3	0.23	-0.51	-3.54	0.09	-0.39	-1.09
0.18	-0.06	-0.62	-0.32	-0.54	-0.48	-1.04
0.54	-0.7	-2.67	-3.12	-0.2	-0.12	-0.48
0.16	-2.67	1.44	-1.22	-0.03	-0.5	-0.6
0.18	-0.77	1.34	1.72	-0.32	0.51	0.48
0.64	4.52	1.3	0.21	0.16	0.07	-0.21
0.4	1.21	0.65	1.19	0.69	-0.36	0.61
0.37	-2.49	0.22	-1.39	-0.8	-0.1	-0.79
0.17	-3.61	-1.77	-2.53	-0.44	-0.33	-0.22
0.17	0.7	-0.92	-0.56	-0.2	-0.1	0.27
0.13	0.19	-0.07	0.7	-1.86	-0.85	1.55
0.4	0.54	-3.3	0.25	-0.46	-0.09	-0.2
0.14	-0.23	-0.39	0.33	1.15	0.8	0.05
0.1	-1.33	1.42	-0.53	-0.53	0.11	-0.47
0.16	-5.15	-9.01	-7.65	-0.85	-1.18	-1.11
3.01	0.07	0.34	-0.48	1.04	0.05	-0.39
0.49	0.11	0.32	-0.51	1.11	-0.15	-0.84
0.86	-0.05	0.41	0.02	0.17	-0.03	-0.06
2.32	0.11	-0.03	0.2	-0.47	-0.66	-0.32
0.22	0.41	0.33	-0.66	-0.41	0.44	-0.38
0.18	0.9	-0.49	-1.5	0.32	-0.56	-0.31
0.28	-0.01	0.56	0.42	-0.15	-0.69	-0.36
0.18	-0.7	-0.03	-0.57	0.42	-1.51	-0.48
0.3	-1.18	3.23	6.84	0.15	0.45	0.69
0.17	-0.2	0.34	0.65	-0.91	-0.64	-0.92
1.17	3.92	1.93	1.52	0.07	0.24	0.05
0.18	0.68	-0.09	-0.1	-1.7	-0.36	-0.41
0.11	3.59	0.0	4.57	0.24	0.21	0.34
34.38	-0.06	-0.18	-0.09	0.2	2.84	0.66
5.3	-0.18	0.05	-0.21	-0.04	-0.51	-0.1
0.54	-0.16	0.82	0.69	0.69	0.16	0.03
0.58	1.14	0.44	-0.74	-0.16	0.56	-1.1
0.1	-0.84	-1.41	0.63	-0.03	-1.21	-0.04
0.17	7.72	-4.89	3.41	1.04	-0.64	0.37
0.24	2.29	-0.99	-2.87	0.52	-0.03	-0.12
0.41	-3.93	-1.0	-3.11	-0.3	-0.33	-0.28
1.23	0.42	0.83	0.8	0.08	0.72	-0.52
0.34	-0.99	-0.5	-0.66	0.72	-0.07	-1.06
0.76	0.12	-0.04	-0.07	0.55	1.37	-1.01
0.3	-0.01	1.26	1.63	-0.43	0.46	0.7
0.35	-0.41	0.27	0.42	-0.2	0.83	-1.69
0.19	0.02	0.33	0.14	-0.57	-0.61	0.53
0.23	-0.33	0.17	-0.3	0.73	-0.18	-2.19
0.17	0.87	-0.3	-2.51	-0.12	-0.2	0.18
0.17	-0.12	-0.89	0.02	1.29	0.13	-0.14
0.27	0.62	0.09	-0.93	-0.31	0.52	0.61
0.3	0.61	0.09	-0.93	-0.5	0.33	0.94
0.25	-0.39	0.22	-5.49	-0.06	-0.09	-0.76
0.12	-1.7	-3.04	-2.67	-0.2	-0.27	-0.18
0.81	-2.87	0.34	5.13	-0.27	0.1	0.64
0.36	-0.03	-0.43	0.11	1.08	1.0	-0.08
0.19	0.19	0.05	0.57	1.95	-0.11	-0.64
1.32	0.11	-0.02	0.2	-0.19	1.67	1.29
0.11	-2.81	-4.6	-4.72	-0.53	-0.43	-0.56
0.16	-1.38	1.39	-1.02	0.05	-0.84	-0.45
2.38	3.62	-1.65	1.07	-0.02	-0.5	-0.26
0.17	1.38	-0.18	-3.09	0.52	-0.03	-0.26
0.17	-3.26	0.49	-3.13	-0.53	-0.21	-0.33
0.11	1.37	3.27	2.76	0.46	-0.25	0.27
0.11	-0.52	1.16	-0.93	0.39	0.21	0.11
0.28	-1.0	-0.28	-2.54	0.01	0.18	0.07
0.34	1.36	0.44	0.76	0.5	-0.58	0.24
0.85	-0.74	-0.23	0.31	-2.29	-0.79	0.29
0.11	6.33	0.27	2.54	0.57	0.27	0.26
0.14	-1.94	1.48	-0.62	-0.74	0.4	-0.44
0.32	1.41	0.43	-1.87	0.74	0.29	0.1
0.13	0.19	-0.85	-1.08	-0.49	0.34	0.67
0.36	0.08	-0.07	0.73	-0.47	1.74	-0.05
0.44	-2.41	-1.35	-1.82	-0.14	-0.26	0.12
0.16	1.88	2.5	0.44	-0.49	0.16	-0.09
0.52	0.03	0.41	0.53	0.6	1.82	-0.45
0.13	-10.67	3.55	-13.49	-1.98	0.71	-2.62
2.71	0.37	0.91	0.25	-0.76	-0.49	-0.49
0.12	-0.39	0.35	0.66	-1.41	0.66	-0.25
0.65	-0.12	0.42	0.41	1.24	0.04	-0.59
0.2	0.53	3.65	0.05	-0.15	-0.19	-0.36
1.43	-0.6	-1.32	-0.14	-1.21	-2.94	-0.96
0.78	-0.28	0.06	0.13	-2.1	1.57	0.89
0.16	-0.28	0.53	-0.49	0.41	-0.82	-0.0
0.13	-1.32	-1.57	-2.47	-0.0	0.23	-0.1
0.22	-2.74	-1.4	-0.54	0.01	-0.11	0.28
0.19	-2.39	-1.39	-1.81	-0.25	-0.24	0.1
0.11	1.32	3.19	3.22	0.53	0.41	0.4
0.15	-0.99	-0.66	-0.43	-0.23	0.35	0.32
0.31	0.12	-1.04	-0.16	0.8	-0.77	-0.39
0.98	-0.33	0.83	0.45	1.23	0.05	0.49
1.05	0.16	-0.07	0.7	0.05	0.3	-0.41
0.18	0.25	0.1	1.54	0.12	-0.07	1.23
0.19	-0.43	-0.21	0.51	-1.43	0.61	-0.85
0.41	-2.95	0.39	0.07	-0.3	0.3	0.26
0.41	2.24	3.99	4.03	0.1	0.23	0.21
0.14	1.02	0.57	0.39	-0.02	-0.24	-0.05
0.59	-0.18	0.93	-0.39	0.0	1.02	-0.87
0.44	13.63	-3.61	33.5	2.13	-0.57	4.9
0.26	1.01	0.27	-0.27	-1.32	0.22	0.11
0.13	0.25	-0.09	-0.01	-1.64	-0.57	0.76
0.21	0.52	-0.58	0.57	-0.39	0.85	0.32
0.21	1.85	-3.19	1.42	0.26	-0.13	0.05
0.34	1.3	2.13	0.99	-0.63	-0.1	-0.32
0.11	9.22	4.2	0.04	1.1	0.56	0.01
0.16	-1.89	22.72	2.52	-0.07	2.99	0.44
0.13	4.63	1.87	6.82	0.79	0.25	0.54
0.83	2.48	3.96	5.56	0.56	0.22	0.47
0.2	-0.6	-0.39	0.44	-0.55	1.17	-1.14
0.16	-1.45	0.72	-1.24	0.34	0.43	0.44
0.14	-0.29	0.65	-0.09	-1.04	0.72	-0.01
0.13	-0.39	-1.25	0.59	-0.85	0.89	-0.42
0.42	-0.71	0.27	-0.25	0.43	1.04	0.28
0.11	0.11	0.27	-0.45	-0.53	-0.59	1.18
1.85	-0.05	0.58	1.01	0.01	-0.25	-0.52
0.18	-0.18	-0.08	0.0	0.5	-0.78	0.81
0.23	-1.57	-0.32	0.33	-0.47	-0.13	-0.47
0.22	-0.97	-1.7	-0.63	0.47	0.42	0.19
0.75	-3.25	-1.33	-4.75	-0.74	-0.28	-0.19
2.5	-0.85	-0.35	-0.48	0.84	-0.06	0.23
1.83	4.04	-0.18	1.77	-0.05	-0.0	-0.02
0.36	-0.18	0.29	2.04	-0.43	-0.26	0.55
0.12	1.32	1.51	-1.86	-0.54	-0.11	-0.4
0.25	-0.04	-0.54	-0.21	1.35	-0.13	0.56
0.18	5.67	1.86	6.72	1.57	0.43	1.79
0.37	1.37	-0.76	-2.63	0.36	-0.24	0.09
0.23	-1.49	0.8	0.81	-0.19	0.5	0.15
0.36	-0.61	1.17	-1.19	-0.24	0.62	-0.39
0.45	-0.72	-0.08	-3.62	0.02	-0.02	-0.17
0.11	0.52	0.0	1.82	0.68	0.13	-0.12
0.13	-0.6	-0.2	0.71	0.86	-0.63	0.37
0.29	0.17	-0.06	0.37	-1.31	1.9	0.33
0.25	-0.8	0.12	0.83	-0.08	0.7	1.34
0.38	1.44	-0.37	1.57	-0.72	-0.11	-0.05
0.85	-0.66	0.33	-1.53	-0.04	-0.26	-1.35
0.22	-3.27	-0.22	-1.58	-0.51	-0.34	-0.61
19.94	0.16	-0.09	0.62	-0.64	1.52	0.12
0.23	-3.53	-1.14	-2.59	-0.29	-0.16	-0.25
0.13	0.01	-4.83	-1.57	-0.3	-0.45	-0.3
0.87	0.62	1.71	2.32	0.12	0.37	-0.5
0.6	-3.44	-1.15	-2.95	-0.86	-0.57	-0.95
0.32	0.21	0.64	0.27	-0.03	1.4	-0.17
0.12	0.66	-0.35	0.52	-0.75	0.48	-0.92
0.16	-4.11	-3.85	-5.54	-0.49	-0.6	-0.83
0.1	0.54	0.79	2.26	0.23	0.26	0.35
0.81	2.6	-0.61	-8.54	0.06	-0.22	-1.06
0.14	0.75	1.1	0.31	0.09	0.9	-0.54
0.14	-2.54	-1.98	-2.63	-0.05	-0.13	-0.28
0.28	0.54	-0.31	-0.08	-0.01	1.47	0.37
0.23	-2.45	-0.39	-0.05	-0.67	-0.91	-0.25
1.09	6.27	1.16	2.09	0.49	0.29	0.08
0.19	-0.67	-0.85	0.02	1.0	0.64	0.64
0.75	0.8	-0.65	0.14	-0.5	0.22	0.58
0.53	-0.76	1.16	2.45	0.22	0.14	0.6
0.19	0.61	1.72	2.33	0.1	0.45	-0.83
0.75	-1.01	-2.63	-3.4	-0.07	-0.05	-0.31
0.24	1.44	0.4	-1.26	0.6	0.23	0.51
0.12	-0.22	-1.19	-0.1	0.76	-0.98	-0.18
0.33	-1.15	-0.8	-2.05	-0.38	-0.37	0.31
0.76	-2.19	-0.94	-1.23	0.15	-0.03	0.25
0.12	5.52	1.06	2.88	0.67	0.0	-0.14
1.96	0.19	0.05	0.57	1.98	0.71	-0.57
0.39	-0.83	0.98	0.95	0.37	-0.18	-0.29
0.11	-0.02	-0.06	0.62	-2.29	-0.05	0.8
0.22	-0.03	-0.14	0.3	0.89	1.3	-0.9
