Mass	x	y	z	vx	vy	vz
M_sol	Parsecs	Parsecs	Parsecs	km/s	km/s	km/s

0.11	-0.35	-0.29	-0.66	0.03	-0.05	-1.92
0.13	1.09	0.43	0.88	-0.97	-0.32	0.58
0.22	-0.65	-0.9	-0.13	-0.55	0.49	0.2
0.16	1.52	0.1	1.19	0.03	0.64	0.78
0.15	-1.19	0.41	0.94	-0.47	0.94	0.74
0.34	0.08	1.14	-0.32	-0.44	-1.09	-0.37
0.27	-0.62	-1.41	-0.58	0.9	0.23	0.07
0.1	3.19	0.6	0.4	0.66	0.44	0.05
0.27	-1.36	-0.82	0.05	0.0	-0.03	-1.29
0.57	-0.22	2.12	0.63	0.39	0.53	0.54
0.15	-0.12	-0.22	-1.73	-0.37	-0.27	-1.28
0.11	-0.09	-0.33	0.63	-0.08	0.97	0.14
0.29	-0.02	-0.28	-0.67	0.32	1.32	-0.12
0.35	1.28	-1.66	2.34	0.25	0.1	-0.11
0.15	0.12	0.15	0.71	-0.6	0.96	-0.57
0.14	-1.8	-0.69	-1.47	-0.86	-0.4	-0.34
0.47	0.84	-0.39	0.68	-1.05	0.46	-0.34
1.05	-0.33	-0.68	3.3	0.12	0.0	1.31
0.25	-1.21	-0.97	-0.56	0.28	0.01	-1.24
0.33	-1.51	-0.92	-0.21	0.04	-0.03	-1.22
0.59	0.79	0.82	0.45	-0.36	0.06	-0.35
0.39	1.95	0.32	1.03	0.28	0.53	0.33
0.39	-0.95	-0.31	-1.03	0.56	0.13	-1.38
1.71	0.74	-0.98	1.25	0.56	0.12	0.47
0.1	0.2	0.62	1.16	-0.8	0.57	-0.85
0.18	0.47	0.86	1.86	-0.47	0.55	0.37
0.1	-0.78	1.0	1.03	0.09	-0.17	-0.44
0.52	-2.11	-1.47	-1.56	-0.74	-0.69	-0.47
0.22	-3.84	4.28	-0.85	-1.02	0.7	-0.57
0.22	-0.48	1.11	0.7	-0.17	-1.15	-0.28
0.18	-2.17	0.53	-1.16	0.03	0.58	0.08
0.27	-0.12	0.17	0.71	-0.54	-0.21	-0.52
0.16	2.35	-0.16	0.08	0.65	-0.5	-0.2
0.17	-0.55	-1.5	0.37	-0.18	-0.61	0.58
0.35	-1.46	-0.71	-1.23	-1.24	0.27	-0.85
0.7	0.05	-1.13	0.57	0.18	-0.6	0.12
0.8	-1.49	-0.05	-1.73	-1.06	-0.49	-0.66
0.11	-1.4	4.17	0.88	-0.55	0.52	-0.19
1.12	0.05	-1.12	0.57	0.28	-0.81	-0.14
0.3	0.85	-0.15	0.6	-0.95	-0.39	-0.27
0.18	0.39	0.44	0.76	-1.0	0.24	-2.45
0.54	-0.08	-1.4	-0.87	-0.1	-0.89	-0.99
0.16	-1.62	2.26	0.95	-0.62	0.06	-0.64
0.18	-0.23	0.03	0.41	-0.76	0.43	-0.63
0.64	3.24	0.91	0.96	0.68	0.17	-0.29
0.4	-0.65	-0.95	0.33	-0.51	0.05	-0.17
0.37	1.63	0.42	0.85	-0.56	0.12	-0.01
0.17	-1.39	-0.54	-1.64	-1.0	-0.56	-0.52
0.17	-0.51	0.14	0.96	-0.77	0.23	0.44
0.13	0.47	0.11	0.78	-0.67	-1.0	-0.68
0.4	1.63	-1.81	0.77	-0.12	-0.86	-0.09
0.14	0.61	0.25	0.93	1.04	-0.03	-0.62
0.1	-0.76	-0.87	0.04	0.2	-0.31	0.55
0.16	-2.32	-5.04	-3.93	-0.89	-1.26	-1.18
3.01	1.43	-0.8	1.0	-0.27	-0.49	0.21
0.49	1.41	-0.78	0.97	-0.41	-0.49	0.57
0.86	1.9	0.19	1.02	0.23	0.01	0.24
2.32	0.91	0.27	0.03	-1.02	-0.32	0.12
0.22	-1.0	1.02	0.58	-0.2	-0.18	0.77
0.18	0.4	-0.33	0.43	-0.61	-0.75	0.63
0.28	0.18	0.28	0.48	-0.3	0.15	-1.09
0.18	0.7	1.08	1.71	-0.59	0.63	-0.11
0.3	-1.59	1.62	4.25	0.08	0.55	0.92
0.17	-0.57	0.16	0.62	-0.88	0.36	-0.87
1.17	3.02	0.64	1.27	0.45	0.72	0.19
0.18	2.11	0.75	1.64	0.29	-0.06	-0.32
0.11	2.42	-0.64	2.98	0.5	0.15	0.68
34.38	0.4	0.34	0.71	-0.9	-0.27	-0.9
5.3	0.42	0.34	0.71	-1.04	0.91	-0.53
0.54	0.47	-1.37	-0.97	-0.13	-0.17	0.08
0.58	-0.43	-0.17	-1.02	-0.56	0.57	0.7
0.1	1.88	0.56	0.79	-0.27	0.41	-0.37
0.17	4.14	-2.66	2.11	1.17	-0.74	0.44
0.24	-0.19	-0.6	-1.51	1.07	-0.28	-0.9
0.41	-1.5	-0.04	-1.73	-1.11	0.0	-0.78
1.23	-0.49	0.32	0.25	-0.76	0.16	-0.94
0.34	0.96	0.72	1.23	-1.0	-0.08	0.8
0.76	1.7	-0.49	0.43	0.01	-0.48	-0.02
0.3	-1.44	-0.87	-0.33	0.34	-0.28	0.13
0.35	1.73	0.23	0.43	0.17	-0.36	0.24
0.19	0.01	-0.93	0.86	-0.36	0.46	-0.44
0.23	1.72	-0.16	1.74	-0.4	0.01	0.44
0.17	0.55	0.15	-1.76	0.38	-0.03	-0.7
0.17	0.54	-0.52	0.62	-0.12	1.2	-0.24
0.27	0.29	-1.03	-0.9	0.77	-0.27	-0.32
0.3	0.29	-1.03	-0.9	0.46	0.27	-0.99
0.25	-0.2	0.34	-2.29	-0.02	0.12	-1.33
0.12	-0.59	-1.4	-1.5	-0.54	-0.93	-0.67
0.81	-1.64	0.02	2.49	-0.55	0.1	1.05
0.36	-0.01	-0.01	1.16	-0.71	0.53	-0.48
0.19	-0.08	0.41	0.77	0.83	1.28	1.59
1.32	0.91	0.28	0.04	-0.99	-0.31	0.12
0.11	-0.94	-2.89	-2.6	-0.63	-0.68	-0.77
0.16	-0.57	2.6	0.98	-0.49	0.13	-0.63
2.38	2.85	0.31	1.65	0.54	-0.66	-0.03
0.17	-0.82	-0.3	-0.83	0.64	0.1	-1.35
0.17	-0.93	0.61	-1.17	-0.93	0.33	-0.99
0.11	-0.27	3.38	1.43	0.51	0.25	0.53
0.11	0.55	-0.07	1.14	-1.07	-1.1	-0.37
0.28	-1.8	-0.21	-2.16	0.09	-1.5	-0.43
0.34	0.55	-0.49	0.59	-1.2	-0.55	-0.11
0.85	2.38	-0.01	1.15	0.05	-0.07	-0.32
0.11	4.02	-0.54	1.53	0.9	0.21	0.37
0.14	1.03	-0.01	1.56	-0.21	-0.17	0.12
0.32	-1.21	-0.63	0.07	0.2	0.0	-1.34
0.13	0.69	-0.54	-1.05	0.36	-0.44	-0.64
0.36	-0.1	-0.34	-0.62	0.42	0.47	1.15
0.44	-0.76	0.02	-1.3	-0.97	-0.38	-0.56
0.16	2.49	1.03	0.71	0.18	0.72	-0.08
0.52	0.51	0.22	0.47	0.05	-0.72	0.06
0.13	-4.14	1.2	-4.83	-2.03	0.73	-2.69
2.71	0.04	0.34	0.87	0.72	-0.35	0.47
0.12	-0.25	-0.99	-0.74	0.68	-0.15	-0.48
0.65	0.33	0.48	0.81	-0.2	0.41	-1.43
0.2	0.83	3.25	1.23	-0.01	0.45	-0.32
1.43	2.18	0.39	1.24	-0.13	-0.21	0.01
0.78	0.13	-1.57	-1.89	0.08	-0.09	0.12
0.16	-0.15	0.52	0.44	-0.03	-0.14	-0.92
0.13	-0.7	-1.47	-1.25	-0.4	-0.44	-0.66
0.22	-1.43	-0.43	-1.15	-0.95	-0.52	0.01
0.19	-0.74	-0.01	-1.29	-1.05	-0.41	-0.56
0.11	-0.48	0.96	1.1	0.33	1.24	1.14
0.15	0.54	0.4	0.51	-0.17	0.34	-0.89
0.31	0.84	1.06	0.88	-0.27	0.81	-0.16
0.98	1.08	-0.88	0.17	-0.74	-0.39	-0.42
1.05	-0.03	-0.44	-0.45	1.54	0.34	0.41
0.18	-0.24	-0.28	-0.59	0.04	1.16	0.44
0.19	1.2	0.85	-0.02	0.72	-0.15	0.12
0.41	0.15	-0.54	-0.35	-1.66	-0.05	-0.17
0.41	1.72	2.89	3.01	0.23	0.47	0.43
0.14	0.08	1.08	1.04	-0.01	-0.0	-0.73
0.59	1.95	-0.51	1.37	-0.2	-0.26	0.21
0.44	6.64	-1.74	17.45	2.14	-0.57	4.91
0.26	2.55	-0.57	0.17	0.14	0.12	-0.25
0.13	-0.84	0.14	0.57	0.25	-0.26	-0.16
0.21	1.08	-0.28	1.0	-0.26	0.31	0.38
0.21	0.55	-1.78	0.89	0.55	-0.88	0.33
0.34	2.35	1.3	1.56	0.01	0.56	-0.01
0.11	5.43	2.27	0.03	1.25	0.63	0.0
0.16	-1.65	12.87	1.06	-0.08	3.03	0.45
0.13	1.89	1.01	4.8	0.89	0.29	0.74
0.83	0.55	2.99	3.7	0.62	0.4	0.7
0.2	1.77	-0.56	1.1	-0.18	-0.62	0.38
0.16	-1.27	-0.92	-1.34	-0.49	0.32	-0.36
0.14	0.66	-0.87	1.01	-0.24	0.42	0.18
0.13	1.75	-0.81	0.62	-0.1	-0.91	0.11
0.42	-0.12	0.92	0.61	0.9	-0.3	0.2
0.11	0.12	0.28	-0.11	0.42	0.79	-1.31
1.85	0.59	0.25	1.04	-0.61	-0.4	-0.5
0.18	0.46	-0.33	1.08	-0.98	-0.34	-0.93
0.23	0.04	0.2	-0.98	0.59	0.52	0.03
0.22	-1.48	-1.47	-0.7	-0.23	-0.57	-0.11
0.75	-0.57	-0.35	-3.5	-0.9	-0.32	-0.67
2.5	0.77	-0.23	0.43	-0.38	0.06	0.3
1.83	3.43	-0.1	1.54	0.48	-0.06	0.18
0.36	-1.04	-0.94	-0.06	0.14	0.02	-0.48
0.12	2.11	1.02	0.3	0.19	0.45	-0.86
0.25	-0.04	0.06	-0.07	0.71	-0.53	0.47
0.18	0.29	0.1	0.5	-1.07	1.19	-0.5
0.37	-0.48	0.0	-1.52	0.77	-0.12	-0.93
0.23	1.56	0.2	-0.27	-0.26	-0.39	-0.17
0.36	-0.17	-0.41	1.75	-0.25	-0.54	-0.24
0.45	-0.65	-0.29	-1.8	-0.08	0.17	-1.11
0.11	1.08	0.09	0.14	-0.42	0.46	-0.64
0.13	-0.14	0.4	0.64	0.1	-0.76	0.52
0.29	0.23	0.27	1.36	-0.61	0.29	0.24
0.25	1.88	-0.2	-0.37	-0.25	-0.11	-0.43
0.38	1.68	0.3	0.57	0.74	-0.2	0.47
0.85	1.57	-0.77	0.8	-0.37	0.19	0.45
0.22	0.52	0.37	0.55	-1.65	-0.65	0.76
19.94	-0.11	-0.41	-0.61	0.04	1.08	-0.45
0.23	-1.75	-0.33	-1.33	-0.98	-0.38	-0.58
0.13	0.9	-2.64	-0.44	-0.19	-0.97	-0.4
0.87	0.02	-0.2	2.53	0.24	0.6	0.5
0.6	-0.22	0.36	0.8	0.55	0.28	-0.02
0.32	0.29	0.55	0.67	-1.48	-0.08	0.03
0.12	0.17	-0.06	0.39	-1.14	-0.16	-0.74
0.16	-2.27	-1.67	-2.56	-0.69	-0.78	-1.04
0.1	-0.54	0.13	-0.68	0.18	0.51	-0.22
0.81	2.31	0.13	-4.81	0.14	-0.22	-1.24
0.14	0.3	-0.36	1.05	-0.02	0.54	-0.22
0.14	-1.75	-0.96	-1.11	-0.52	-0.54	-0.72
0.28	0.53	0.68	0.52	-1.58	-0.19	-0.37
0.23	1.49	0.9	0.71	-0.66	0.48	-0.24
1.09	4.2	0.17	1.7	0.82	0.31	0.18
0.19	-1.43	-0.79	-0.92	-0.41	-0.5	-0.01
0.75	0.21	0.34	1.29	-1.2	-0.08	0.06
0.53	1.39	0.15	0.21	-0.78	-0.24	-0.32
0.19	0.02	-0.2	2.54	-0.0	0.81	0.71
0.75	-0.56	-1.81	-1.6	-0.19	-0.59	-0.84
0.24	-1.35	-0.72	-0.45	0.57	0.14	-1.01
0.12	1.42	-0.08	0.82	0.0	0.73	-0.01
0.33	0.33	0.43	-1.54	-0.33	-0.18	-0.75
0.76	-1.32	-0.3	-1.34	-0.79	-0.37	-0.27
0.12	2.89	0.97	3.05	0.96	0.07	0.09
1.96	-0.08	0.41	0.77	0.41	-0.64	0.93
0.39	1.18	-0.12	0.65	-0.22	0.02	-0.35
0.11	-0.36	0.61	1.32	-0.66	0.17	-0.38
0.22	0.64	0.24	0.82	-0.81	-1.31	-0.71
